1 190 47 #C 3
2 186 95 java 1
3 263 0 java 2
4 300 89 #C 4
5 295 20 #C 2
6 263 30 #C 2
7 236 30 java 3
8 244 45 java 5
9 265 82 #C 5
10 265 86 java 5
11 196 35 java 1
12 265 61 #C 1
13 262 53 java 3
14 252 61 java 1
15 212 51 java 3
16 286 88 #C 1
17 247 0 #C 5
18 188 36 java 4
19 281 75 java 1
20 270 50 #C 3
21 246 72 java 1
22 212 8 java 2
23 254 64 #C 2
24 236 71 java 2
25 254 96 #C 4
26 233 92 #C 2
27 261 79 java 3
28 250 94 #C 1
29 215 43 #C 5
30 228 75 java 3
31 261 27 java 2
32 259 94 #C 5
33 186 84 java 3
34 211 59 #C 1
35 193 80 java 5
36 271 18 #C 3
37 204 75 java 3
38 184 76 #C 1
39 263 12 java 5
40 243 4 #C 1
41 275 53 #C 4
42 293 47 java 2
43 226 17 #C 2
44 256 33 java 1
45 212 40 #C 3
46 209 60 #C 2
47 219 58 java 2
48 280 28 #C 5
49 263 3 java 4
50 207 41 java 1
51 188 3 java 5
52 210 61 #C 1
53 268 71 #C 2
54 238 58 #C 3
55 292 71 #C 5
56 293 97 java 5
57 242 43 #C 4
58 296 65 java 4
59 290 85 #C 5
60 241 47 #C 1
61 213 23 #C 5
62 235 77 java 4
63 248 69 java 5
64 196 31 #C 1
65 254 37 #C 1
66 254 75 java 3
67 223 25 #C 2
68 236 79 #C 3
69 274 85 java 2
70 272 72 java 4
71 263 53 #C 2
72 293 5 #C 4
73 244 51 java 1
74 249 25 java 4
75 194 41 #C 3
76 181 70 java 2
77 286 30 #C 2
78 235 7 java 5
79 216 98 #C 4
80 203 54 #C 5
81 180 17 java 1
82 235 65 java 1
83 262 13 #C 3
84 279 54 java 3
85 184 88 java 3
86 278 84 java 5
87 187 73 java 5
88 212 17 #C 5
89 180 51 java 2
90 291 27 java 3
91 245 55 #C 1
92 240 77 java 3
93 274 12 #C 2
94 288 82 java 4
95 235 89 #C 5
96 261 42 java 2
97 188 56 #C 1
98 237 15 java 1
99 213 35 java 4
100 236 36 java 3
101 258 78 java 4
102 206 16 #C 5
103 212 44 #C 5
104 267 0 #C 1
105 222 95 java 1
106 291 42 #C 5
107 246 54 #C 1
108 288 24 #C 2
109 279 61 java 2
110 205 13 #C 1
111 199 72 #C 5
112 294 61 java 1
113 289 1 #C 5
114 284 47 java 4
115 203 7 #C 4
116 235 36 #C 5
117 238 51 #C 2
118 220 85 #C 2
119 187 81 #C 5
120 271 1 #C 1
121 189 68 java 4
122 186 33 java 2
123 188 38 java 2
124 189 90 java 4
125 209 66 java 3
126 296 19 #C 4
127 292 74 java 1
128 244 13 java 1
129 191 46 #C 1
130 190 10 java 5
131 224 0 java 1
132 278 91 java 3
133 263 28 java 5
134 286 0 #C 1
135 253 6 #C 1
136 229 28 java 4
137 252 50 java 5
138 184 37 #C 5
139 242 81 #C 2
140 206 89 #C 5
141 294 82 java 4
142 253 93 java 1
143 196 37 #C 4
144 186 4 java 5
145 291 80 #C 5
146 221 90 #C 5
147 274 2 #C 5
148 228 57 java 4
149 218 62 #C 3
150 299 3 #C 4
151 228 47 #C 5
152 253 15 #C 2
153 204 95 #C 4
154 253 85 java 1
155 219 1 #C 2
156 249 44 #C 2
157 299 69 #C 4
158 223 3 java 2
159 203 72 #C 2
160 199 23 #C 3
